number_of_queries = 1077
success_rate = 0.55431753
average_visited_entities = 39.301506
path_lengths_entities = 3.6499162
