number_of_queries = 957
success_rate = 0.73458725
average_visited_entities = 23.44239
path_lengths_entities = 10.358463
