number_of_queries = 957
success_rate = 0.6478579
average_visited_entities = 29.979033
path_lengths_entities = 3.6822581
