number_of_queries = 957
success_rate = 0.55590385
average_visited_entities = 39.543232
path_lengths_entities = 3.669173
