number_of_queries = 957
success_rate = 0.7920585
average_visited_entities = 24.579155
path_lengths_entities = 4.4116096
