number_of_queries = 1077
success_rate = 0.7864438
average_visited_entities = 21.775679
path_lengths_entities = 5.198347
