number_of_queries = 1077
success_rate = 0.6490251
average_visited_entities = 29.406294
path_lengths_entities = 3.639485
